DLinear_rate 0.0001  
mse:0.42629215121269226, mae:0.4337235391139984, rse:0.6201652884483337, corr:[0.27382693 0.26882303 0.26010254 0.26586545 0.26095772 0.2621085
 0.25775927 0.25823125 0.25972506 0.25812876 0.2552217  0.2606835
 0.25859806 0.2581838  0.25949052 0.2615917  0.25815073 0.25837603
 0.2576957  0.25944367 0.26073638 0.25843966 0.26366588 0.25977647
 0.25959817 0.260977   0.25724503 0.25168365 0.259918   0.2598071
 0.25698566 0.25317132 0.25195247 0.2534614  0.25493327 0.25473276
 0.25526044 0.25874746 0.25339776 0.25457552 0.25239855 0.2511914
 0.25681394 0.24987051 0.2560007  0.25830063 0.25390416 0.25373763
 0.26044348 0.24840432 0.25016177 0.2476706  0.24543354 0.24721406
 0.24839358 0.24790758 0.24919662 0.24878046 0.24453008 0.24829921
 0.24514693 0.24690369 0.24989073 0.24898359 0.24791391 0.24394563
 0.24087718 0.25035352 0.24234746 0.24836466 0.24690256 0.24801011
 0.2455234  0.24321333 0.24930777 0.24287918 0.24206136 0.242577
 0.2428686  0.24034902 0.24023986 0.23874068 0.24123752 0.23986356
 0.24218495 0.23524748 0.24345918 0.24097045 0.24281015 0.23920226
 0.2412611  0.2439661  0.23520838 0.24293613 0.24330613 0.24474978]

